2095 50 100 20
1350 360 84 20
2141 321 149 20
1997 467 91 20
1021 505 112 20
79 352 98 20
937 371 98 20
640 126 175 20
791 502 80 20
1477 220 105 20
334 419 172 20
419 151 127 20
1878 248 84 20
962 56 173 20
1054 269 112 20
2208 503 141 20
1687 121 160 20
50 74 166 20
1805 350 158 20
1360 50 158 20
1447 566 115 20
527 279 96 20
530 550 103 20
2317 92 177 20
1532 445 103 20
263 522 137 20
177 229 111 20
2257 201 112 20
1234 565 96 20
703 364 130 20
2507 200 100 20
2391 350 108 20
1946 568 132 20
